서울역

5           20 40 51 
6           00 07 15 22 26 36 41 50 56 
7           00 05 14 23 29 34 36 42 48 57 
8           01 06 12 16 20 28 32 39 47 51 56 
9           00 03 10 15 21 29 38 40 45 50 57 
10          08 18 27 29 34 40 47 56 
11          02 06 11 17 24 31 35 41 45 49 58 
12          01 06 11 19 28 30 36 41 48 57 59 
13          09 19 28 32 37 48 55 
14          00 05 08 12 18 24 28 34 41 51 57 
15          02 11 13 20 26 30 39 47 53 
16          02 04 11 16 21 25 35 38 45 52 
17          03 10 16 20 26 35 41 45 48 55 
18          02 10 16 20 25 30 35 39 44 52 57 
19          01 05 11 22 27 33 43 45 49 55 
20          01 07 13 17 22 26 30 35 41 50 52 56 
21          00 02 06 10 15 23 32 39 48 55
22          05 15 26 38 49 
23          00

공덕

37 49                             5        24 44 55 
00 09 17 27 37 47 56              6        11 19 26 40 45 54 
04 13 18 26 32 37 41 50 55        7       00 09 19 27 34 40 46 52 
03 08 14 19 26 32 38 45 51 57     8    01 05 10 17 24 32 36 43 51 55 
02 09 18 25 31 40 47 57           9       00 07 15 19 25 33 45 49 54 
07 12 17 29 37 42 51 56           10       01 12 22 33 38 44 51
00 08 19 25 29 39 47 52 59        11      01 06 15 21 28 35 45 49 53 
06 18 24 30 39 47 58              12      05 10 15 23 34 40 45 52 
04 13 18 24 30 44 49 55           13      03 13 23 32 37 52 59
00 08 20 29 36 43 48 56           14       05 12 17 22 28 38 45 56 
06 11 22 28 35 48 53 59           15     01 06 18 24 30 43 51 57
09 15 23 31 41 50 55              16       08 15 20 25 30 42 49 56 
00 04 10 24 29 34 41 52           17      07 15 20 30 39 45 52 59 
02 07 14 20 25 34 42 47 54        18       06 14 20 29 34 39 43 48 56 
00 05 10 15 30 35 42 47 52        19       01 09 15 26 31 38 49 53 
02 07 12 20 25 30 42 46 52 59     20       00 05 11 17 21 26 34 39 45 56 
04 10 15 26 32 36 43 49 56        21       00 07 16 21 35 40 44 54 
01 07 17 28 35 43 51              22      00 06 10 14 19 27 36 43 52 59 
00 09 15 30 48                    23       09 19 30 42 53 
02 19 36                           0      04 



홍대입구


34 46 56                          5        28 48 59 
13 23 33 44 52                    6        15 30 44 49 58 
00 14 22 28 37 46 51 59           7       04 13 22 37 50 56 
05 15 22 28 34 47 53 58           8    05 09 14 28 36 47 55 59 
05 15 21 27 36 43 53              9       04 11 18 23 29 37 48 53 58 
04 08 13 25 33 38 47 52 56        10      05 16 26 37 42 48 55 
04 16 21 25 35 43 48 55           11      04 10 19 25 32 39 49 53 57 
02 14 20 26 35 43 54              12      09 14 19 27 38 44 49 56
00 09 14 20 26 40 45 51 56        13      07 17 27 36 40 56 
04 16 25 32 40 44 52              14       03 08 16 20 26 32 42 49 59  
02 07 18 24 31 44 49              15     05 10 21 28 34 47 55 
06 11 19 27 37 46 51 56           16      01 12 19 24 29 33 46 53  
00 07 20 25 30 37 48 59           17     00 11 18 24 34 43 49 56  
03 10 16 21 30 38 43 50 56        18      03 10 18 24 33 38 43 47 52  
01 06 11 26 31 38 43 48 59        19      00 05 13 19 30 35 41 53 57  
03 08 16 26 38 42 48              20      03 09 15 21 25 30 38 49
00 06 11 22 29 32 40 52           21       04 11 20 25 39 44 48 58  
03 13 24 31 39 47 56              22      03 14 23 31 40 47 
11 26 44 58                       23      03 13 23 34 46 57 
15 32                             0      07

디지털미디어시티

30 42 52                          5        32 52  
01 09 19 29 40 48 56              6        03 19 27 36 48 53  
05 10 18 24 29 33 42 47 55        7      02 10 17 26 35 43 48 54 
01 06 11 18 24 30 38 43 49 54     8    00 09 13 18 26 32 40 44 51 59  
01 11 17 23 32 39 49              9       03 10 15 22 27 33 41 52 57  
00 04 09 21 29 34 43 48 52        10     02 09 20 30 41 46 52 59
00 12 17 21 31 39 44 51 58        11    08 17 23 29 36 45 53 57 
10 16 22 31 39 50 56              12      01 13 18 23 31 42 48 53 
05 10 16 22 36 41 47 52           13     00 11 21 31 40 46 
00 12 21 28 36 40 48 58           14       00 07 14 20 24 30 38 46 53  
03 14 20 27 40 45 51              15     03 09 14 25 32 40 51 59 
02 07 15 23 33 42 47 52 56        16   05 16 23 28 33 37 50 57   
03 16 21 26 33 44 55 59           17     04 15 22 30 38 47 55  
06 12 17 26 34 39 46 52 57        18      00 07 14 22 30 37 42 47 51 56 
02 07 22 27 34 39 44 55 59        19     04 11 17 23 34 39 45 57 
04 12 17 22 34 38 44 52 56        20      01 07 13 19 25 29 36 42 47 53 
02 07 18 25 28 36 41 48 53 59     21       04 08 15 24 31 43 48 52 
04 08 15 24 31 43 48 52           22      02 09 14 18 22 27 35 44 
01 07 22 40 54                    23      00 07 17 27 38 50 
11 28                             0     01 11 


김포공항


43 52                             5        42   
00 10 20 31 39 47 54              6        01 12 28 36 45 57 
01 09 15 20 24 33 38 45 51 57     7      02 11 19 26 35 44 52 57  
02 09 15 21 27 34 40 45 52        8    03 09 18 22 27 35 41 49 53   
00 08 14 23 30 40 51 55           9       00 08 12 19 24 31 36 42 50   
00 12 18 25 34 39 43 51           10     01 06 11 18 29 39 50 55 
03 08 12 20 30 35 42 49           11    01 08 17 26 32 38 45 54
01 07 13 20 30 41 47 53           12   02 06 10 22 27 32 40 51 57 
01 07 13 25 32 38 43 51           13     02 09 20 30 40 49 55
03 12 19 25 31 39 49 54           14      09 16 23 29 33 39 47 55   
05 11 18 31 36 42 51 58           15    02 12 18 23 34 41 49 
06 14 24 31 38 43 47 54           16   00 08 14 25 32 37 42 46 59   
05 12 17 24 35 46 50 57           17     06 13 24 31 39 47 56  
03 08 17 23 30 37 43 48 53 58     18      04 09 16 23 31 39 46 51 56  
11 18 25 30 35 46 50 55           19    00 05 13 20 26 32 43 48 54 
03 08 13 25 29 35 41 47 53 58     20    06 10 16 22 28 34 38 45 51 56 
09 16 19 25 32 39 44 50           21       02 13 17 24 33 40 52 57 
00 09 18 26 34 43 52 58           22     01 11 18 23 27 31 36 44 53 
13 31 45                          23      00 09 16 26 36 47 59 
02 19 34                           0     10 21 



계양


36 46 54                           5      49 
04 14 24 33 41 48 55               6      07 18 34 42 51 
02 08 13 17 26 31 38 45 50 55      7      03 08 17 25 32 42 50 59 
02 08 14 20 27 33 38 45 53         8      03 09 15 24 28 33 42 47 55 59    
02 08 17 24 34 44 49 54            9      06 14 18 25 30 38 42 48 56 
06 12 19 28 33 37 45 56            10     08 12 17 24 35 45 56 
02 06 14 24 29 36 43 55            11     01 07 14 24 32 38 44 51 
01 07 14 24 35 41 47 55            12     00 08 12 16 28 33 38 46 57 
01 07 19 26 32 37 45 57            13     03 08 15 26 36 46 55  
06 13 18 25 33 43 48 59            14     02 15 22 30 35 40 45 53 
05 12 25 30 36 44 52               15     01 08 19 24 29 41 47 55 
00 08 18 25 32 37 41 47 59         16     06 14 20 31 38 43 48 53 
06 11 18 29 39 44 51 57            17     05 12 19 30 38 45 53 
02 11 17 24 31 37 42 47 52         18     02 10 15 22 29 37 45 52 57 
05 12 19 24 29 39 44 49 57         19     02 06 11 19 26 32 38 49 54 
02 07 19 23 29 34 41 47 52         20     01 12 16 23 28 34 40 44 51 57 
03 09 13 18 26 33 38 44 54         21     02 08 19 23 30 39 46 58  
03 12 20 28 37 46 52               22     03 07 17 25 29 33 37 42 50 59 
07 25 39 56                        23     06 15 22 32 42 53 
13 28                              0      05 16 27 




검양





30 40 48 58                       5    25 56 
08 18 27 35 42 49 56              6    13 26 40 57
02 07 11 20 25 32 38 44 49 56     7    09 25 31 48 
02 08 14 21 27 32 39 47 56        8    05 15 30 41 53   
02 11 18 28 38 43 48              9    01 12 26 36 44 54  
00 06 13 22 27 31 39 50 56        10   04 14 23 41 53 
00 08 18 23 30 37 49 55           11   02 13 31 38 50 
01 08 18 29 35 41 49 55           12   06 14 24 34 44 54 
01 13 20 26 31 39 51              13   09 23 32 42 52 
00 07 12 19 27 37 42 53 59        14   03 21 30 41 53 59 
06 19 24 30 38 46 54              15   07 25 37 47 
02 12 19 26 31 35 41 53           16   01 12 28 37 49
00 05 12 23 33 38 45 51 56        17   01 11 18 36 46 59 
05 11 18 25 31 36 41 46 59        18   10 21 35 45 58  
05 12 19 24 29 39 44 49 57        19   02 06 11 19 26 32 38 49 54 
02 07 19 23 29 34 41 47 52        20   01 12 16 23 28 34 40 44 51 57 
03 09 13 18 26 33 38 44 54        21   02 08 19 23 30 39 46 58  
03 12 20 28 37 46 52              22   03 07 17 25 29 33 37 42 50 59 
07 25 39 56                       23   06 15 22 32 42 53 
13 28                             0    05 16 27 




청라국제도시


43 53                        5     29 
03 12 22 30 37 42 51 57      6     00 18 31 45 
06 20 27 32 44 51            7     02 14 30 36 52 
03 14 27 34 42 57            8     09 20 35 46 58  
13 31 43                     9     06 17 31 41 48 59   
01 06 17 26 34 44 55         10    09 18 28 46 57  
03 18 32 43 56               11    07 18 36 43 55 
13 30 36 42 56               12    11 19 28 39 49 59 
13 26 34 44 55               13    14 27 37 47 57 
02 12 22 32 46               14    08 26 35 46 58  
01 12 25 34 49 57            15    04 12 29 42 51 
14 19 30 37 53               16    06 17 33 42 54 
07 18 27 40 51               17    05 16 23 41 50 
00 11 26 36 41 59            18    04 15 26 40 50 
13 27 38 46 56               19    03 13 22 32 
06 18 28 41 59               20    00 13 23 33 45 57  
08 22 33 43 52               21    08 21 34 41 52 
09 26 41 56                  22    09 18 30 35 44 53 
14 28 45                     23    01 10 17 26 33 43 53  
02 17                        0     04 16 



영종

35 45 55                       5     38
04 14 22 29 34 43 49 58       6     09 26 39 53
12 19 24 36 43 55             7     10 22 38 44 
06 19 26 34 49           8     01 18 28 43 54   
05 23 35 53 58                     9   06 14 25 39 49 57  
09 18 26 35 47 55          10    07 17 27 36 54  
10 24 34 48                  11    06 15 26 44 51 
05 22 28 34 48                12    03 19 27 37 47 57 
05 18 26 36 47 54               13    07 22 36 45 55 
04 14 24 38 53               14    05 16 34 43 54  
01 12 25 34 49 57            15    04 12 29 42 51 
14 19 30 37 53               16    06 17 33 42 54 
07 18 27 40 51               17    05 16 23 41 50 
00 11 26 36 41 59            18    04 15 26 40 50 
13 27 38 46 56               19    03 13 22 32 
06 18 28 41 59               20    00 13 23 33 45 57  
08 22 33 43 52               21    08 21 34 41 52 
09 26 41 56                  22    09 18 30 35 44 53 
14 28 45                     23    01 10 17 26 33 43 53  
02 17                        0     04 16 


