
전대,에버랜드

30 40 50                                                                5        -
00 10 20 30 40 50                                                       6        -
00 03 06 09 12 15 18 21 24 27 30 33 36 39 42 45 48 51 54                7        -
00 03 06 09 12 15 18 21 24 27 30 33 36 39 42 45 48 51 54                8        -
00 06 12 18 24 30 36 42 48 54                                           9        -
00 06 12 18 24 30 36 42 48 54                                           10       -
00 06 12 18 24 30 36 42 48 54                                           11       -
00 06 12 18 24 30 36 42 48 54                                           12       -
00 06 12 18 24 30 36 42 48 54                                           13       -
00 06 12 18 24 30 36 42 48 54                                           15       -
00 06 12 18 24 30 36 42 48 54                                           16       -
00 06 12 18 24 30 36 42 48 54                                           17       -
00 06 12 18 24 30 36 42 48 54                                           18       -
00 06 12 18 24 30 36 42 48 54                                           19       -
00 06 12 18 24 30 36 42 48 54                                           20       -
00 06 12 18 24 30 36 42 48 54                                           21       -
00 10 20 30 40 50                                                       22       -
00 10 20 30                                                             23       -




신포


33 43 53                                                                5       35 45 55
03 13 23 33 43 53                                                       6        05 15 25 35 45 55
03 06 09 12 15 18 21 24 27 30 33 36 39 42 45 48 51 54 57                7        05 15 25 28 31 34 37 40 43 46 49 52 55 58
00 03 06 09 12 15 18 21 24 27 30 33 36 39 42 45 48 51 54                8        01 04 07 10 13 16 19 22 25 28 31 34 37 40 43 46 49 52 55 58
00 03 09 15 21 27 33 39 45 51 57                                        9        01 04 07 10 13 16 19 22 25 31 37 43 49 55
03 09 15 21 27 33 39 45 51 57                                           10      00 05 10 15 20 25 31 37 43 49 55
03 09 15 21 27 33 39 45 51 57                                           11      00 05 10 15 20 25 31 37 43 49 55
03 09 15 21 27 33 39 45 51 57                                           12      00 05 10 15 20 25 31 37 43 49 55
03 09 15 21 27 33 39 45 51 57                                           13       00 05 10 15 20 25 31 37 43 49 55
03 09 15 21 27 33 39 45 51 57                                           14       00 05 10 15 20 25 31 37 43 49 55
03 09 15 21 27 33 39 45 51 57                                           15      00 05 10 15 20 25 31 37 43 49 55
03 09 15 21 27 33 39 45 51 57                                           16      00 05 10 15 20 25 31 37 43 49 55
03 09 15 21 27 33 39 45 51 57                                           17       00 05 10 15 20 25 31 37 43 49 55
03 09 15 21 27 33 39 45 51 57                                           18       00 05 10 15 20 25 31 37 43 49 55
03 09 15 21 27 33 39 45 51 57                                           19       00 05 10 15 20 25 31 37 43 49 55
03 09 15 21 27 33 39 45 51 57                                           20       00 05 10 15 20 25 31 37 43 49 55
03 09 15 21 27 33 39 45 51 57                                           21       01 07 13 19 25 31 37 43 49 55
03 13 23 33 43 53                                                       22      01 07 13 19 25 35 45 55
03 13 23                                                                23       05 15 25 35 45 59


보평


34 44 54                                                                5       33 43 53
04 14 24 34 44 54                                                       6        03 13 23 33 43 53
04 07 10 13 16 19 22 25 28 31 34 37 40 43 46 49 52 55 58                7       03 13 23 26 29 32 35 38 41 44 47 50 53 56 59
01 04 07 10 13 16 19 22 25 28 31 34 37 40 43 46 49 52 55                8        02 05 08 11 14 17 20 23 26 29 32 35 38 41 44 47 50 53 56 59
01 04 10 16 22 28 34 40 46 52 58                                        9        02 05 08 11 14 17 20 23 29 35 41 47 53 59
04 10 16 22 28 34 40 46 52 58                                           10      03 08 13 18 23 28 33 38 43 48 53 58
04 10 16 22 28 34 40 46 52 58                                           11       03 08 13 18 23 28 33 38 43 48 53 58
04 10 16 22 28 34 40 46 52 58                                           12       03 08 13 18 23 28 33 38 43 48 53 58
04 10 16 22 28 34 40 46 52 58                                           13       03 08 13 18 23 28 33 38 43 48 53 58
04 10 16 22 28 34 40 46 52 58                                           14       03 08 13 18 23 28 33 38 43 48 53 58
04 10 16 22 28 34 40 46 52 58                                           15       03 08 13 18 23 28 33 38 43 48 53 58
04 10 16 22 28 34 40 46 52 58                                           16      03 08 13 18 23 28 33 38 43 48 53 58
04 10 16 22 28 34 40 46 52 58                                           17      03 08 13 18 23 28 33 38 43 48 53 58
04 10 16 22 28 34 40 46 52 58                                           18       03 08 13 18 23 28 33 38 43 48 53 58
04 10 16 22 28 34 40 46 52 58                                           19       03 08 13 18 23 28 33 38 43 48 53 58
04 10 16 22 28 34 40 46 52 58                                           20       03 08 13 18 23 29 35 41 47 53 59
04 10 16 22 28 34 40 46 52 58                                           21       05 11 17 23 29 35 41 47 53 59
04 14 24 34 44 54                                                       22       05 11 17 23 33 43 53
04 14 24 36                                                             23      03 13 23 33 43 57

고진


 
36 46 56                                                                5       31 41 51
06 16 26 36 46 56                                                       6        01 11 21 31 41 51
06 09 12 15 18 21 24 27 30 33 36 39 42 45 48 51 54 57                   7        01 11 21 24 27 30 33 36 39 42 45 48 51 54 5
00 03 06 09 12 15 18 21 24 27 30 33 36 39 42 45 48 51 54                8     00 03 06 09 12 15 18 21 24 27 30 33 36 39 42 45 48 51 54 57
00 03 06 12 18 24 30 36 42 48 54                                        9        00 03 06 09 12 15 18 21 27 33 39 45 51 57
00 03 06 12 18 24 30 36 42 48 54                                        10       01 06 11 16 21 26 31 36 41 46 51 56
00 03 06 12 18 24 30 36 42 48 54                                        11      01 06 11 16 21 26 31 36 41 46 51 56
00 03 06 12 18 24 30 36 42 48 54                                        12      01 06 11 16 21 26 31 36 41 46 51 56
00 03 06 12 18 24 30 36 42 48 54                                        13      01 06 11 16 21 26 31 36 41 46 51 56
00 03 06 12 18 24 30 36 42 48 54                                        14      01 06 11 16 21 26 31 36 41 46 51 56
00 03 06 12 18 24 30 36 42 48 54                                        15      01 06 11 16 21 26 31 36 41 46 51 56
00 03 06 12 18 24 30 36 42 48 54                                        16      01 06 11 16 21 26 31 36 41 46 51 56
00 03 06 12 18 24 30 36 42 48 54                                        17      01 06 11 16 21 26 31 36 41 46 51 56
00 03 06 12 18 24 30 36 42 48 54                                        18       01 06 11 16 21 26 31 36 41 46 51 56
00 03 06 12 18 24 30 36 42 48 54                                        19      01 06 11 16 21 26 31 36 41 46 51 56
01 06 12 18 24 30 36 42 48 54                                           20       01 06 11 16 21 27 33 39 45 51 57
00 06 12 18 24 30 36 42 48 54                                           21      03 09 15 21 27 33 39 45 51 57
00 06 16 26 36 46 56                                                    22       03 09 15 21 31 41 51
06 16 26 38                                                             23       01 11 21 31 41 55





운동장,송담대



30 40 50                                                         5        30 40 50
00 10 20 30 40 50                                                6        00 10 20 30 40 50
00 10 13 16 19 22 25 28 31 34 37 40 43 46 49 52 55 58            7        00 10 20 23 26 29 32 35 38 41 44 47 50 53 56 59
01 04 07 10 13 16 19 22 25 28 31 34 37 40 43 46 49 52 55         8       02 05 08 11 14 17 20 23 26 29 32 35 38 41 44 47 50 53 56 59
01 04 07 10 16 22 28 34 40 46 52 58                              9        02 05 08 11 14 17 20 26 32 38 44 50 56
04 10 16 22 28 34 40 46 52 58                                    10       00 05 10 15 20 25 30 35 40 45 50 55
04 10 16 22 28 34 40 46 52 58                                    11       00 05 10 15 20 25 30 35 40 45 50 55
04 10 16 22 28 34 40 46 52 58                                    12       00 05 10 15 20 25 30 35 40 45 50 55
04 10 16 22 28 34 40 46 52 58                                    13       00 05 10 15 20 25 30 35 40 45 50 55
04 10 16 22 28 34 40 46 52 58                                    14       00 05 10 15 20 25 30 35 40 45 50 55
04 10 16 22 28 34 40 46 52 58                                    15       00 05 10 15 20 25 30 35 40 45 50 55
04 10 16 22 28 34 40 46 52 58                                    16      00 05 10 15 20 25 30 35 40 45 50 55
04 10 16 22 28 34 40 46 52 58                                    17       00 05 10 15 20 25 30 35 40 45 50 55
04 10 16 22 28 34 40 46 52 58                                    18       00 05 10 15 20 25 30 35 40 45 50 55
04 10 16 22 28 34 40 46 52 58                                    19      00 05 10 15 20 25 30 35 40 45 50 55
00 05 10 16 22 28 34 40 46 52 58                                 20       00 05 10 15 20 26 32 38 44 50 56
04 10 16 22 28 34 40 46 52 58                                    21       02 08 14 20 26 32 38 44 50 56
04 10 20 30 40 50                                                22     02 08 14 20 30 40 50
00 10 20 30 40                                                   23       00 10 20 30 40 53
                                         


김량장


31 41 51                                                         5       37 47 57
01 11 21 31 41 51                                                6        07 17 27 37 47 57
01 11 14 17 20 23 26 29 32 35 38 41 44 47 50 53 56 595           7        07 17 20 23 26 29 32 35 38 41 44 47 50 53 56 59
2 05 08 11 14 17 20 23 26 29 32 35 38 41 44 47 50 53 56          8       02 05 08 11 14 17 20 23 26 29 32 35 38 41 44 47 50 53 56 59
02 05 08 11 17 23 29 35 41 47 53 59                              9        02 05 08 11 14 17 23 29 35 41 47 53 59
05 11 17 23 29 35 41 47 53 59                                    10       05 11 17 23 29 35 41 47 53 59
05 11 17 23 29 35 41 47 53 59                                    11      05 11 17 23 29 35 41 47 53 59
05 11 17 23 29 35 41 47 53 59                                    12       05 11 17 23 29 35 41 47 53 59
05 11 17 23 29 35 41 47 53 59                                    13       05 11 17 23 29 35 41 47 53 59
05 11 17 23 29 35 41 47 53 59                                    14     05 11 17 23 29 35 41 47 53 59
05 11 17 23 29 35 41 47 53 59                                    15      05 11 17 23 29 35 41 47 53 59
05 11 17 23 29 35 41 47 53 59                                    16       05 11 17 23 29 35 41 47 53 59
05 11 17 23 29 35 41 47 53 59                                    17     05 11 17 23 29 35 41 47 53 59
05 11 17 23 29 35 41 47 53 59                                    18       02 07 12 17 22 27 32 37 42 47 52 57
05 11 17 23 29 35 41 47 53 59                                    19       02 07 12 17 22 27 32 37 42 47 52 57
05 11 17 23 29 35 41 47 53 59                                    20       02 07 12 17 23 29 35 41 47 53 59
01 06 11 17 23 29 35 41 47 53 59                                 21      05 11 17 23 29 35 41 47 53 59
05 11 21 31 41 51                                                22       05 11 17 27 37 47 57
01 11 21 31 42                                                   23       07 17 27 37 51



명지대



32 42 52                                                           5        36 46 56
02 12 22 32 42 52                                                  6        06 16 26 36 46 56
02 12 15 18 21 24 27 30 33 36 39 42 45 48 51 54 57                 7       06 16 19 22 25 28 31 34 37 40 43 46 49 52 55 58
00 03 06 09 12 15 18 21 24 27 30 33 36 39 42 45 48 51 54           8       01 04 07 10 13 16 19 22 25 28 31 34 37 40 43 46 49 52 55 58
00 03 06 09 12 18 24 30 36 42 48 54                                9       01 04 07 10 13 16 22 28 34 40 46 52 58
00 06 12 18 24 30 36 42 48 54                                      10       04 10 16 22 28 34 40 46 52 58
00 06 12 18 24 30 36 42 48 54                                      11       04 10 16 22 28 34 40 46 52 58
00 06 12 18 24 30 36 42 48 54                                      12      04 10 16 22 28 34 40 46 52 58
00 06 12 18 24 30 36 42 48 54                                      13       04 10 16 22 28 34 40 46 52 58
00 06 12 18 24 30 36 42 48 54                                      14       04 10 16 22 28 34 40 46 52 58
00 06 12 18 24 30 36 42 48 54                                      15       04 10 16 22 28 34 40 46 52 58
00 06 12 18 24 30 36 42 48 54                                      16      04 10 16 22 28 34 40 46 52 58
000 06 12 18 24 30 36 42 48 54                                     17       04 10 16 21 26 31 36 41 46 51 56
00 06 12 18 24 30 36 42 48 54                                      18      01 06 11 16 21 26 31 36 41 46 51 56
00 06 12 18 24 30 36 42 48 54                                      19      01 06 11 16 21 26 31 36 41 46 51 56
02 07 12 18 24 30 36 42 48 54                                      20      01 06 11 16 22 28 34 40 46 52 58
00 06 12 18 24 30 36 42 48 54                                      21      04 10 16 22 28 34 40 46 52 58
00 06 12 22 32 42 52                                               22     04 10 16 26 36 46 56
02 12 22 32 43                                                     23     06 16 26 36 49



시청,용인대


34 44 54                                                          5       34 44 54
04 14 24 34 44 54                                                 6       04 14 24 34 44 54
04 14 17 20 23 26 29 32 35 38 41 44 47 50 53 56 59                7       04 14 17 20 23 26 29 32 35 38 41 44 47 50 53 56 59
02 05 08 11 14 17 20 23 26 29 32 35 38 41 44 47 50 53 56          8      02 05 08 11 14 17 20 23 26 29 32 35 38 41 44 47 50 53 56 59
02 05 08 11 14 20 26 32 38 44 50 56                               9       02 05 08 11 14 20 26 32 38 44 50 56
02 08 14 20 26 32 38 44 50 56                                     10       02 08 14 20 26 32 38 44 50 56
02 08 14 20 26 32 38 44 50 56                                     11       02 08 14 20 26 32 38 44 50 56
02 08 14 20 26 32 38 44 50 56                                     12      02 08 14 20 26 32 38 44 50 56
02 08 14 20 26 32 38 44 50 56                                     13      02 08 14 20 26 32 38 44 50 56
02 08 14 20 26 32 38 44 50 56                                     14      02 08 14 20 26 32 38 44 50 56
02 08 14 20 26 32 38 44 50 56                                     15      02 08 14 20 26 32 38 44 50 56 
02 08 14 20 26 32 38 44 50 56                                     16     02 08 14 20 26 32 38 44 50 56
02 08 14 19 24 29 34 39 44 49 54 59                               17       04 09 14 19 24 29 34 39 44 49 54 59
04 09 14 19 24 29 34 39 44 49 54 59                               18      04 09 14 19 24 29 34 39 44 49 54 59
04 09 14 19 24 29 34 39 44 49 54 59                               19     04 09 14 19 24 29 34 39 44 49 54 59
04 09 14 20 26 32 38 44 50 56                                     20      04 09 14 20 26 32 38 44 50 56
02 08 14 20 26 32 38 44 50 56                                     21   02 08 14 20 26 32 38 44 50 56
02 08 14 24 34 44 54                                              22     02 08 14 24 34 44 54
04 14 24 34 45                                                    23    04 14 24 34 47



삼가





35 45 55                                                          5      32 42 52
05 15 25 35 45 55                                                 6      02 12 22 32 42 52
05 15 18 21 24 27 30 33 36 39 42 45 48 51 54 57                   7      02 12 15 18 21 24 27 30 33 36 39 42 45 48 51 54 57
00 03 06 09 12 15 18 21 24 27 30 33 36 39 42 45 48 51 54          8      00 03 06 09 12 15 18 21 24 27 30 33 36 39 42 45 48 51 54 57
00 03 06 09 12 15 21 27 33 39 45 51 57                            9      00 03 06 09 12 18 24 30 36 42 48 54
03 09 15 21 27 33 39 45 51 57                                     10     00 06 12 18 24 30 36 42 48 54
03 09 15 21 27 33 39 45 51 57                                     11     00 06 12 18 24 30 36 42 48 54
03 09 15 21 27 33 39 45 51 57                                     12     00 06 12 18 24 30 36 42 48 54
03 09 15 21 27 33 39 45 51 57                                     13     00 06 12 18 24 30 36 42 48 54
03 09 15 21 27 33 39 45 51 57                                     14     00 06 12 18 24 30 36 42 48 54
03 09 15 21 27 33 39 45 51 57                                     15     00 06 12 18 24 30 36 42 48 54
03 09 15 21 27 33 39 45 51 57                                     16     00 06 12 18 24 30 36 42 48 54
03 09 15 20 25 30 35 40 45 50 55                                  17     02 07 12 17 22 27 32 37 42 47 52 57
00 05 10 15 20 25 30 35 40 45 50 55                               18     02 07 12 17 22 27 32 37 42 47 52 57
00 05 10 15 20 25 30 35 40 45 50 55                               19     02 07 12 17 22 27 32 37 42 47 52 57
00 05 10 15 21 27 33 39 45 51 57                                  20     02 07 12 18 24 30 36 42 48 54
03 09 15 21 27 33 39 45 51 57                                     21     00 06 12 18 24 30 36 42 48 54
03 09 15 25 35 45 55                                              22     00 06 12 22 32 42 52
05 15 25 35 47                                                    23     02 12 22 32 45




초당



30 40 50                                                          5      30 40 50
00 10 20 30 40 50                                                 6      00 10 20 30 40 50
00 10 20 23 26 29 32 35 38 41 44 47 50 53 56 59                   7      00 10 13 16 19 22 25 28 31 34 37 40 43 46 49 52 55 58
02 05 08 11 14 17 20 23 26 29 32 35 38 41 44 47 50 53 56          8      01 04 07 10 13 16 19 22 25 28 31 34 37 40 43 46 49 52 55 58
02 05 08 11 14 17 20 26 32 38 44 50 56                            9     01 04 07 10 16 22 28 34 40 46 52 58
02 08 14 20 26 32 38 44 50 56                                     10     04 10 16 22 28 34 40 46 52 58
02 08 14 20 26 32 38 44 50 56                                     11     04 10 16 22 28 34 40 46 52 58
02 08 14 20 26 32 38 44 50 56                                     12     04 10 16 22 28 34 40 46 52 58
02 08 14 20 26 32 38 44 50 56                                     13    04 10 16 22 28 34 40 46 52 58
02 08 14 20 26 32 38 44 50 56                                     14    04 10 16 22 28 34 40 46 52 58
02 08 14 20 26 32 38 44 50 56                                     15     04 10 16 22 28 34 40 46 52 58
02 08 14 20 26 32 38 44 50 56                                     16     04 10 16 22 28 34 40 46 52 58
02 08 14 20 25 30 35 40 45 50 55                                  17     04 10 15 20 25 30 35 40 45 50 55
00 05 10 15 20 25 30 35 40 45 50 55                               18    00 05 10 15 20 25 30 35 40 45 50 55
00 05 10 15 20 25 30 35 40 45 50 55                               19    00 05 10 15 20 25 30 35 40 45 50 55
00 05 10 15 20 26 32 38 44 50 56                                  20    00 05 10 16 22 28 34 40 46 52 58
02 08 14 20 26 32 38 44 50 56                                     21     04 10 16 22 28 34 40 46 52 58
02 08 14 20 30 40 50                                              22    04 10 20 30 40 50
00 10 20 30 40 51                                                 23    00 10 20 30 42



동백

























