의정부 탑석
00 10 20 29 40 49                                          5        -
00 07 16 23 32 39 48 51 54 58                              6        -
01 05 08 12 15 19 22 26 30 33 37 40 44 47 51 54 57         7        -
01 04 08 11 15 19 22 26 29 33 36 40 43 47 50 54 57         8        -
03 09 15 21 27 33 39 45 51 57                              9        -
03 09 15 21 27 33 39 45 51 57                              10       -
03 09 15 21 27 33 39 45 51 57                              11       -
03 09 15 21 27 33 39 45 51 57                              12       -
03 09 15 21 27 33 39 45 51 57                              13       -
03 09 15 21 27 33 39 45 51 57                              14       -
03 09 15 21 27 33 39 45 51 57                              15       -
03 09 15 21 27 33 39 45 51 57                              16       -
03 09 15 21 27 33 39 45 51 57                              17       -
03 09 15 21 27 33 39 45 51 57                              18       -
01 04 08 11 15 18 21 25 28 32 35 39 42 46 49 53 57         19       -
00 04 07 11 14 18 21 24 28 31 35 38 42 45 49 52 56         20       -
00 07 16 23 32 39 48 56                                    21       -
03 12 19 28 35 44 51                                       22       -
00 10 20 29 40 49                                          23       -
00 09                                                       0       -

송신

01 11 21 31 41 51                                          5        19 28 38 48 58
01 09 17 25 33 41 49 52 56 59                              6        08 18 28 38 46 54
03 06 10 13 17 20 24 27 31 34 38 41 45 48 52 55 59         7        02 10 18 26 30 33 37 40 44 47 51 54 58
02 06 09 13 16 20 23 27 30 34 37 41 44 48 51 55 58         8        01 05 08 12 15 19 22 26 29 33 36 40 43 47 50 54 57
04 10 16 22 28 34 40 46 52 58                              9        01 04 08 11 15 18 22 25 29 32 36 42 48 54
04 10 16 22 28 34 40 46 52 58                              10       00 06 12 18 24 30 36 42 48 54
04 10 16 22 28 34 40 46 52 58                              11       00 06 12 18 24 30 36 42 48 54
04 10 16 22 28 34 40 46 52 58                              12       00 06 12 18 24 30 36 42 48 54
04 10 16 22 28 34 40 46 52 58                              13       00 06 12 18 24 30 36 42 48 54
04 10 16 22 28 34 40 46 52 58                              14       00 06 12 18 24 30 36 42 48 54
04 10 16 22 28 34 40 46 52 58                              15       00 06 12 18 24 30 36 42 48 54
04 10 16 22 28 34 40 46 52 58                              16       00 06 12 18 24 30 36 42 48 54
04 10 16 22 28 34 40 46 52 58                              17       00 06 12 18 24 30 36 42 48 54
04 10 16 22 28 34 40 46 52 58                              18       00 06 12 18 24 30 36 42 48 54
02 05 09 12 16 19 23 26 30 33 37 40 44 47 51 54 58         19       00 06 12 18 24 30 36 39 43 46 50 53 57
01 05 08 12 15 19 22 26 29 33 36 40 43 47 50 54 57         20       00 04 07 11 14 18 21 25 28 32 35 39 42 46 49 53 56
01 09 17 25 33 41 49 57                                    21       00 03 07 10 14 17 21 24 28 31 35 38 46 54
05 13 21 29 37 45 53                                       22       02 10 18 26 34 42 50 58
01 11 21 31 41 51                                          23       06 14 22 30 38 48 58
01 11                                                      0        08 18 29



아룡


02 12 22 32 42 52                                          5        17 27 37 47 57
02 10 18 26 34 42 50 53 57                                 6        07 17 27 37 45 53
00 04 07 11 14 18 21 25 28 32 35 39 42 46 49 53 56         7        01 09 17 25 29 32 36 39 43 46 50 53 57
00 03 07 10 14 17 21 24 28 31 35 38 42 45 49 52 56 59      8        00 04 07 11 14 18 21 25 28 32 35 39 42 46 49 53 56
05 11 17 23 29 35 41 47 53 59                              9        00 03 07 10 14 17 21 24 28 31 35 41 47 53 59
05 11 17 23 29 35 41 47 53 59                              10       05 11 17 23 29 35 41 47 53 59
05 11 17 23 29 35 41 47 53 59                              11       05 11 17 23 29 35 41 47 53 59
05 11 17 23 29 35 41 47 53 59                              12       05 11 17 23 29 35 41 47 53 59
05 11 17 23 29 35 41 47 53 59                              13       05 11 17 23 29 35 41 47 53 59
05 11 17 23 29 35 41 47 53 59                              14       05 11 17 23 29 35 41 47 53 59
05 11 17 23 29 35 41 47 53 59                              15       05 11 17 23 29 35 41 47 53 59
05 11 17 23 29 35 41 47 53 59                              16       05 11 17 23 29 35 41 47 53 59
05 11 17 23 29 35 41 47 53 59                              17       05 11 17 23 29 35 41 47 53 59
05 11 17 23 29 35 41 47 53 59                              18       05 11 17 23 29 35 41 47 53 59
03 06 10 13 17 20 24 27 31 34 38 41 45 48 52 55 59         19       05 11 17 23 29 35 41 47 53 59
02 06 09 13 16 20 23 27 30 34 37 41 44 48 51 55 58         20       03 06 10 13 17 20 24 27 31 34 38 41 45 48 52 55 59
02 10 18 26 34 42 50 58                                    21       02 06 09 13 16 20 23 27 30 34 37 45 53
06 14 22 30 38 46 54                                       22       01 09 17 25 33 41 49 57
02 12 22 32 42 52                                          23       05 13 21 29 37 47 57
02 12                                                      0        07 17 27




곤제


03 13 23 33 43 53                                          5        16 26 36 46 56
03 11 19 27 35 43 51 55 58                                 6        06 16 26 36 44 52
02 05 09 12 16 19 23 26 30 33 37 40 44 47 51 54 58         7        00 08 16 24 27 31 34 38 41 45 48 52 55 59
01 05 08 12 15 19 22 26 29 33 36 40 43 47 50 54 57         8        02 06 09 13 16 20 23 27 30 34 37 41 44 48 51 55 58
01 07 13 19 25 31 37 43 49 55                              9        02 05 09 12 16 19 23 26 30 33 39 45 51 57
01 07 13 19 25 31 37 43 49 55                              10       03 09 15 21 27 33 39 45 51 57
01 07 13 19 25 31 37 43 49 55                              11       03 09 15 21 27 33 39 45 51 57
01 07 13 19 25 31 37 43 49 55                              12       03 09 15 21 27 33 39 45 51 57
01 07 13 19 25 31 37 43 49 55                              13       03 09 15 21 27 33 39 45 51 57
01 07 13 19 25 31 37 43 49 55                              14       03 09 15 21 27 33 39 45 51 57
01 07 13 19 25 31 37 43 49 55                              15       03 09 15 21 27 33 39 45 51 57
01 07 13 19 25 31 37 43 49 55                              16       03 09 15 21 27 33 39 45 51 57
01 07 13 19 25 31 37 43 49 55                              17       03 09 15 21 27 33 39 45 51 57
01 07 13 19 25 31 37 43 49 55                              18       03 09 15 21 27 33 39 45 51 57
01 04 08 11 15 18 22 25 29 32 36 39 43 46 50 53 57         19       03 09 15 21 27 33 39 45 51 57
00 04 07 11 14 18 21 25 28 32 35 39 42 46 49 53 56         20       01 05 08 12 15 19 22 26 29 33 36 40 43 47 50 54 57
00 03 11 19 27 35 43 51 59                                 21       01 04 08 11 15 18 22 25 29 32 36 44 52
07 15 23 31 39 47 55                                       22       00 08 16 24 32 40 48 56
03 13 23 33 43 53                                          23       04 12 20 28 36 46 56
03 13                                                     0         06 16 26



효자





05 15 25 35 45 55                                          5        14 24 34 44 54
05 13 21 29 37 45 53 56                                    6        04 14 24 34 42 50 58
00 03 07 10 14 17 21 24 28 31 35 38 42 45 49 52 56 59      7        06 14 22 26 29 33 36 40 43 47 50 54 57
03 06 10 13 17 20 24 27 31 34 38 41 45 48 52 55 59         8        01 04 08 11 15 18 22 25 29 32 36 39 43 46 50 53 57
02 08 14 20 26 32 38 44 50 56                              9        00 04 07 11 14 18 21 25 28 32 38 44 50 56
02 08 14 20 26 32 38 44 50 56                              10       02 08 14 20 26 32 38 44 50 56
02 08 14 20 26 32 38 44 50 56                              11       02 08 14 20 26 32 38 44 50 56
02 08 14 20 26 32 38 44 50 56                              12       02 08 14 20 26 32 38 44 50 56
02 08 14 20 26 32 38 44 50 56                              13       02 08 14 20 26 32 38 44 50 56
02 08 14 20 26 32 38 44 50 56                              14       02 08 14 20 26 32 38 44 50 56
02 08 14 20 26 32 38 44 50 56                              15       02 08 14 20 26 32 38 44 50 56
02 08 14 20 26 32 38 44 50 56                              16       02 08 14 20 26 32 38 44 50 56
02 08 14 20 26 32 38 44 50 56                              17       02 08 14 20 26 32 38 44 50 56
02 08 14 20 26 32 38 44 50 56                              18       02 08 14 20 26 32 38 44 50 56
02 06 09 13 16 20 23 27 30 34 37 41 44 48 51 55 58         19       02 08 14 20 26 32 38 44 50 56
02 05 09 12 16 19 23 26 30 33 37 40 44 47 51 54 58         20       00 03 07 10 14 17 21 24 28 31 35 38 42 45 49 52 56 59
01 05 13 21 29 37 45 53                                    21       03 06 10 13 17 20 24 27 31 34 42 50 58
01 09 17 25 33 41 49 57                                    22       06 14 22 30 38 46 54
05 15 25 35 45 55                                          23       02 10 18 26 34 44 54
05 15                                                      0        04 14 24




경기도청북부청사


06 16 26 36 46 56                                          5        13 23 33 43 53
06 14 22 30 38 46 54 57                                    6        03 13 23 33 41 49 57
01 04 08 11 15 18 22 25 29 32 36 39 43 46 50 53 57         7        05 13 21 25 28 32 35 39 42 46 49 53 56
03 06 10 13 17 20 24 27 31 34 38 41 45 48 52 55 59         8        00 03 07 10 14 17 21 24 28 31 35 38 42 45 49 52 56 59
00 04 07 11 14 18 21 25 28 32 35 39 42 46 49 53 56         9        03 06 10 13 17 20 24 27 31 37 43 49 55
03 09 15 21 27 33 39 45 51 57                              10       01 07 13 19 25 31 37 43 49 55
03 09 15 21 27 33 39 45 51 57                              11       01 07 13 19 25 31 37 43 49 55
03 09 15 21 27 33 39 45 51 57                              12       01 07 13 19 25 31 37 43 49 55
03 09 15 21 27 33 39 45 51 57                              13       01 07 13 19 25 31 37 43 49 55
03 09 15 21 27 33 39 45 51 57                              14       01 07 13 19 25 31 37 43 49 55
03 09 15 21 27 33 39 45 51 57                              15       01 07 13 19 25 31 37 43 49 55
03 09 15 21 27 33 39 45 51 57                              16       01 07 13 19 25 31 37 43 49 55
03 09 15 21 27 33 39 45 51 57                              17       01 07 13 19 25 31 37 43 49 55
03 09 15 21 27 33 39 45 51 57                              18       01 07 13 19 25 31 37 43 49 55
03 07 10 14 17 21 24 28 31 35 38 42 45 49 52 56 59         19       01 07 13 19 25 31 37 43 49 55
03 06 10 13 17 20 24 27 31 34 38 41 45 48 52 55 59         20       02 06 09 13 16 20 23 27 30 34 37 41 44 48 51 55 58
02 06 14 22 30 38 46 54                                    21       02 05 09 12 16 19 23 26 30 33 41 49 57
02 10 18 26 34 42 50 58                                    22       05 13 21 29 37 45 53
06 16 26 36 46 56                                          23       01 09 17 25 33 43 53
06 16                                                      0        03 13 23





새말



07 17 27 37 47 57                                          5        12 22 32 42 52
07 15 23 31 39 47 55 59                                    6        02 12 22 32 40 48 56
02 06 09 13 16 20 23 27 30 34 37 41 44 48 51 55 58         7        04 12 20 23 27 30 34 37 41 44 48 51 55 58
02 05 09 12 16 19 23 26 30 33 37 40 44 47 51 54 58         8        02 05 09 12 16 19 23 26 30 33 37 40 44 47 51 54 58
01 05 11 17 23 29 35 41 47 53 59                           9        01 05 08 12 15 19 22 26 29 35 41 47 53 59
05 11 17 23 29 35 41 47 53 59                              10       05 11 17 23 29 35 41 47 53 59
05 11 17 23 29 35 41 47 53 59                              11       05 11 17 23 29 35 41 47 53 59
05 11 17 23 29 35 41 47 53 59                              12       05 11 17 23 29 35 41 47 53 59
05 11 17 23 29 35 41 47 53 59                              13       05 11 17 23 29 35 41 47 53 59
05 11 17 23 29 35 41 47 53 59                              14       05 11 17 23 29 35 41 47 53 59
05 11 17 23 29 35 41 47 53 59                              15       05 11 17 23 29 35 41 47 53 59
05 11 17 23 29 35 41 47 53 59                              16       05 11 17 23 29 35 41 47 53 59
05 11 17 23 29 35 41 47 53 59                              17       05 11 17 23 29 35 41 47 53 59
05 11 17 23 29 35 41 47 53 59                              18       05 11 17 23 29 35 41 47 53 59
05 08 12 15 19 22 26 29 33 36 40 43 47 50 54 57            19       05 11 17 23 29 35 41 47 53 59
01 04 08 11 15 18 22 25 29 32 36 39 43 46 50 53 57         20       01 04 08 11 15 18 22 25 29 32 36 39 43 46 50 53 57
03 11 19 27 35 43 51 59                                    21       00 04 07 11 14 18 21 25 28 32 40 48 56
02 10 18 26 34 42 50 58                                    22       04 12 20 28 36 44 52
07 17 27 37 47 57                                          23       00 08 16 24 32 42 52
07 17                                                      0        02 12 22




동오


08 18 28 38 48 58                                          5        10 20 30 40 50
08 16 24 32 40 48 56                                       6        00 10 20 30 38 46 54
00 03 07 10 14 17 21 24 28 31 35 38 42 45 49 52 56 59      7        02 10 18 22 25 29 32 36 39 43 46 50 53 57
03 06 10 13 17 20 24 27 31 34 38 41 45 48 52 55 59         8        00 04 07 11 14 18 21 25 28 32 35 39 42 46 49 53 56
02 06 12 18 24 30 36 42 48 54                              9        00 03 07 10 14 17 21 24 28 34 40 46 52 58
00 06 12 18 24 30 36 42 48 54                              10       04 10 16 22 28 34 40 46 52 58
00 06 12 18 24 30 36 42 48 54                              11       04 10 16 22 28 34 40 46 52 58
00 06 12 18 24 30 36 42 48 54                              12       04 10 16 22 28 34 40 46 52 58
00 06 12 18 24 30 36 42 48 54                              13       04 10 16 22 28 34 40 46 52 58
00 06 12 18 24 30 36 42 48 54                              14       04 10 16 22 28 34 40 46 52 58
00 06 12 18 24 30 36 42 48 54                              15       04 10 16 22 28 34 40 46 52 58
00 06 12 18 24 30 36 42 48 54                              16       04 10 16 22 28 34 40 46 52 58
00 06 12 18 24 30 36 42 48 54                              17       04 10 16 22 28 34 40 46 52 58
00 06 12 18 24 30 36 42 48 54                              18       04 10 16 22 28 34 40 46 52 58
00 06 09 13 16 20 23 27 30 34 37 41 44 48 51 55 58         19       04 10 16 22 28 34 40 46 52 58
02 05 09 12 16 19 23 26 30 33 37 40 44 47 51 54 58         20       03 06 10 13 17 20 24 27 31 34 38 41 45 48 52 55 59
04 12 20 28 36 44 52                                       21       02 06 09 13 16 20 23 27 30 38 46 54
02 10 18 26 34 42 50 58                                    22       02 10 18 26 34 42 50 58
00 08 18 28 38 48 58                                       23       06 14 22 30 40 50
08 18                                                      0        00 10 20





의정부중앙




10 20 30 40 50                                              5        09 19 29 39 49 59
00 10 18 26 34 42 50 58                                     6        09 19 29 37 45 53
01 05 08 12 15 19 22 26 29 33 36 40 43 47 50 54 57          7        01 09 17 20 24 27 31 34 38 41 45 48 52 55 59
01 04 08 11 15 18 22 25 29 32 36 39 43 46 50 53 57          8        02 06 09 13 16 20 23 27 30 34 37 41 44 48 51 55 58
00 04 07 13 19 25 31 37 43 49 55                            9        02 05 09 12 16 19 23 26 32 38 44 50 5
01 07 13 19 25 31 37 43 49 55                               10       02 08 14 20 26 32 38 44 50 56
01 07 13 19 25 31 37 43 49 55                               11       02 08 14 20 26 32 38 44 50 56
01 07 13 19 25 31 37 43 49 55                               12       02 08 14 20 26 32 38 44 50 56
01 07 13 19 25 31 37 43 49 55                               13       02 08 14 20 26 32 38 44 50 56
01 07 13 19 25 31 37 43 49 55                               14       02 08 14 20 26 32 38 44 50 56 
01 07 13 19 25 31 37 43 49 55                               15       02 08 14 20 26 32 38 44 50 56
01 07 13 19 25 31 37 43 49 55                               16       02 08 14 20 26 32 38 44 50 56
01 07 13 19 25 31 37 43 49 55                               17       02 08 14 20 26 32 38 44 50 56
01 07 13 19 25 31 37 43 49 55                               18       02 08 14 20 26 32 38 44 50 56
01 07 11 14 18 21 25 28 32 35 39 42 46 49 53 56             19       02 08 14 20 26 32 38 44 50 56
00 03 07 10 14 17 21 24 28 31 35 38 42 45 49 52 56 59       20       01 05 08 12 15 19 22 26 29 33 36 40 43 47 50 54 57
03 06 10 18 26 34 42 50 58                                  21       01 04 08 11 15 18 22 25 29 37 45 53
06 14 22 30 38 46 54                                        22       01 09 17 25 33 41 49 57
00 08 18 28 38 48 58                                        23       05 13 21 29 39 49 59
00 10 20                                                    0        09 19




흥선

12 22 32 42 52                                              5        07 17 27 37 47 57
02 12 20 28 36 44 52                                        6        07 17 27 35 43 51 59
00 03 07 10 14 17 21 24 28 31 35 38 42 45 49 52 56 59       7        07 15 19 22 26 29 33 36 40 43 47 50 54 57
03 06 10 13 17 20 24 27 31 34 38 41 45 48 52 55 59          8        01 04 08 11 15 18 22 25 29 32 36 39 43 46 50 53 57
02 06 09 15 21 27 33 39 45 51 57                            9        00 04 07 11 14 18 21 25 31 37 43 49 55
03 09 15 21 27 33 39 45 51 57                               10       01 07 13 19 25 31 37 43 49 55
03 09 15 21 27 33 39 45 51 57                               11       01 07 13 19 25 31 37 43 49 55
03 09 15 21 27 33 39 45 51 57                               12       01 07 13 19 25 31 37 43 49 55
03 09 15 21 27 33 39 45 51 57                               13       01 07 13 19 25 31 37 43 49 55
03 09 15 21 27 33 39 45 51 57                               14       01 07 13 19 25 31 37 43 49 55 
03 09 15 21 27 33 39 45 51 57                               15       01 07 13 19 25 31 37 43 49 55
03 09 15 21 27 33 39 45 51 57                               16       01 07 13 19 25 31 37 43 49 55
03 09 15 21 27 33 39 45 51 57                               17        01 07 13 19 25 31 37 43 49 55
03 09 15 21 27 33 39 45 51 57                               18       01 07 13 19 25 31 37 43 49 55
03 09 13 16 20 23 27 30 34 37 41 44 48 51 55 58             19       01 07 13 19 25 31 37 43 49 55
02 05 09 12 16 19 23 26 30 33 37 40 44 47 51 54 58          20       00 03 07 10 14 17 21 24 28 31 35 38 42 45 49 52 56 59
01 05 08 12 20 28 36 44 52                                  21       03 06 10 13 17 20 24 27 35 43 51 59
00 08 16 24 32 40 48 56                                     22       07 15 23 31 39 47 55
04 12 22 32 42 52                                           23       03 11 19 27 37 47 57
02 12 22                                                    0        07 17


의정부시청

13 23 33 43 53                                             5        06 16 26 36 46 56
03 13 21 29 37 45 53                                        6        06 16 26 34 42 50 58
01 04 08 11 15 18 22 25 29 32 36 39 43 46 50 53 57       7        06 14 17 21 24 28 31 35 38 42 45 49 52 56 59
00 04 07 11 14 18 21 25 28 32 35 39 42 46 49 53 56          8        03 06 10 13 17 20 24 27 31 34 38 41 45 48 52 55 59
00 03 07 10 16 22 28 34 40 46 52 58                            9        02 06 09 13 16 20 23 29 35 41 47 53 59
04 10 16 22 28 34 40 46 52 58                               10       05 11 17 23 29 35 41 47 53 59
04 10 16 22 28 34 40 46 52 58                               11       05 11 17 23 29 35 41 47 53 59
04 10 16 22 28 34 40 46 52 58                               12       05 11 17 23 29 35 41 47 53 59
04 10 16 22 28 34 40 46 52 58                               13       05 11 17 23 29 35 41 47 53 59
04 10 16 22 28 34 40 46 52 58                               14       05 11 17 23 29 35 41 47 53 59 
04 10 16 22 28 34 40 46 52 58                               15       05 11 17 23 29 35 41 47 53 59
04 10 16 22 28 34 40 46 52 58                               16       05 11 17 23 29 35 41 47 53 59
04 10 16 22 28 34 40 46 52 58                               17       05 11 17 23 29 35 41 47 53 59
04 10 16 22 28 34 40 46 52 58                               18       05 11 17 23 29 35 41 47 53 59
04 10 14 17 21 24 28 31 35 38 42 45 49 52 56 59             19       05 11 17 23 27 30 34 37 41 44 48 51 55 58
03 06 10 13 17 20 24 27 31 34 38 41 45 48 52 55 59          20       02 05 09 12 16 19 23 26 30 33 37 40 44 47 51 54 58
02 06 09 13 21 29 37 45 53                                  21       01 05 08 12 15 19 22 26 34 42 50 58
01 09 17 25 33 41 49 57                                     22       06 14 22 30 38 46 54
05 13 23 33 43 53                                           23       02 10 18 26 36 46 56
03 13 23                                                    0        06 16



경전철의정부

15 25 35 45 55                                              5        04 14 24 34 44 54
05 15 23 31 39 47 55                                        6        04 14 24 32 40 48 56
03 06 10 13 17 20 24 27 31 34 38 41 45 48 52 55 59          7        04 12 16 19 23 26 30 33 37 40 44 47 51 54 58
02 06 09 13 16 20 23 27 30 34 37 41 44 48 51 55 58          8        01 05 08 12 15 19 22 26 29 33 36 40 43 47 50 54 57
00 06 12 18 24 30 36 42 48 54                               9        01 04 08 11 15 18 22 28 34 40 46 52 58
00 06 12 18 24 30 36 42 48 54                               10       04 10 16 22 25 29 32 36 39 43 46 50 53 57
00 06 12 18 24 30 36 42 48 54                               11       04 10 16 22 25 29 32 36 39 43 46 50 53 57
00 06 12 18 24 30 36 42 48 54                               12       04 10 16 22 25 29 32 36 39 43 46 50 53 57
00 06 12 18 24 30 36 42 48 54                               13       04 10 16 22 25 29 32 36 39 43 46 50 53 57
00 06 12 18 24 30 36 42 48 54                               14       04 10 16 22 25 29 32 36 39 43 46 50 53 57
00 06 12 18 24 30 36 42 48 54                               15       04 10 16 22 25 29 32 36 39 43 46 50 53 57
00 06 12 18 24 30 36 42 48 54                               16       04 10 16 22 25 29 32 36 39 43 46 50 53 57
00 06 12 18 24 30 36 42 48 54                               17       04 10 16 22 25 29 32 36 39 43 46 50 53 57
00 06 12 18 24 30 36 42 48 54                               18       04 10 16 22 25 29 32 36 39 43 46 50 53 57
00 06 12 16 19 23 26 30 33 37 40 44 47 51 54 58             19       04 10 16 22 25 29 32 36 39 43 46 50 53 57
01 05 08 12 15 19 22 26 29 33 36 40 43 47 50 54 57          20       00 04 07 11 14 18 21 25 28 32 35 39 42 46 49 53 56
01 04 08 11 15 23 31 39 47 55                               21       00 03 07 10 14 17 21 24 32 40 48 56
03 11 19 27 35 43 51 59                                     22       04 12 20 28 36 44 52
07 15 25 35 45 55                                           23       00 08 16 24 34 44 54
05 15 25                                                    0        04 14

범골




16 26 36 46 56                                              5        03 13 23 33 43 53
06 16 24 32 40 48 56                                        6        03 13 23 31 39 47 55
04 08 11 15 18 22 25 29 32 36 39 43 46 50 53 57             7        03 11 14 18 21 25 28 32 35 39 42 46 49 53 56
00 04 07 11 14 18 21 25 28 32 35 39 42 46 49 53 56          8        00 03 07 10 14 17 21 24 28 31 35 38 42 45 49 52 56 59
00 03 07 10 14 20 26 32 38 44 50 56                         9        03 06 10 13 17 20 26 32 38 44 50 56
02 08 14 20 26 32 38 44 50 56                               10       02 08 14 20 26 32 38 44 50 56
02 08 14 20 26 32 38 44 50 56                               11       02 08 14 20 26 32 38 44 50 56
02 08 14 20 26 32 38 44 50 56                               12       02 08 14 20 26 32 38 44 50 56
02 08 14 20 26 32 38 44 50 56                               13       02 08 14 20 26 32 38 44 50 56
02 08 14 20 26 32 38 44 50 56                               14       02 08 14 20 26 32 38 44 50 56
02 08 14 20 26 32 38 44 50 56                               15       02 08 14 20 26 32 38 44 50 56
02 08 14 20 26 32 38 44 50 56                               16       02 08 14 20 26 32 38 44 50 56
02 08 14 20 26 32 38 44 50 56                               17       02 08 14 20 26 32 38 44 50 56
02 08 14 20 26 32 38 44 50 56                               18       02 08 14 20 26 32 38 44 50 56
02 08 14 17 21 24 28 31 35 38 42 45 49 52 56 59             19       02 08 14 20 24 27 31 34 38 41 45 48 52 55 59
03 06 10 13 17 20 24 27 31 34 38 41 45 48 52 55 59          20       02 06 09 13 16 20 23 27 30 34 37 41 44 48 51 55 58
02 06 09 13 16 24 32 40 48 56                               21       02 05 09 12 16 19 23 31 39 47 55
04 12 20 28 36 44 52                                        22       03 11 19 27 35 43 51 59
00 08 16 26 36 46 56                                        23       07 15 23 33 43 53
06 16 26                                                    0        03 13



회룡



18 28 38 48 58                                              5        01 11 21 31 41 51
08 18 26 34 42 50 58                                        6        01 11 21 29 37 45 53
06 09 13 16 20 23 27 30 34 37 41 44 48 51 55 58             7        01 09 13 16 20 23 27 30 34 37 41 44 48 51 55 58
02 05 09 12 16 19 23 26 30 33 37 40 44 47 51 54 58          8        02 05 09 12 16 19 23 26 30 33 37 40 44 47 51 54 58
01 05 08 12 15 21 27 33 39 45 51 57                         9        01 05 08 12 15 19 25 31 37 43 49 55
03 09 15 21 27 33 39 45 51 57                               10       01 07 13 19 25 31 37 43 49 55
03 09 15 21 27 33 39 45 51 57                               11       01 07 13 19 25 31 37 43 49 55
03 09 15 21 27 33 39 45 51 57                               12       01 07 13 19 25 31 37 43 49 55
03 09 15 21 27 33 39 45 51 57                               13       01 07 13 19 25 31 37 43 49 55
03 09 15 21 27 33 39 45 51 57                               14       01 07 13 19 25 31 37 43 49 55
03 09 15 21 27 33 39 45 51 57                               15       01 07 13 19 25 31 37 43 49 55
03 09 15 21 27 33 39 45 51 57                               16       01 07 13 19 25 31 37 43 49 55
03 09 15 21 27 33 39 45 51 57                               17       01 07 13 19 25 31 37 43 49 55
03 09 15 21 27 33 39 45 51 57                               18       01 07 13 19 25 31 37 43 49 55
02 08 14 17 21 24 28 31 35 38 42 45 49 52 56 59             19       01 07 13 19 22 26 29 33 36 40 43 47 50 54 57
01 04 08 11 15 18 22 25 29 32 36 39 43 46 50 53 57          20       01 04 08 11 15 18 22 25 29 32 36 39 43 46 50 53 57
00 04 07 11 14 18 26 34 42 50 58                            21       00 04 07 11 14 18 21 29 37 45 53
06 14 22 30 38 46 54                                        22       01 09 17 25 33 41 49 57
02 10 18 28 38 48 58                                        23       05 13 21 31 41 51
08 18 28                                                    0        01 11




발곡


-                                                           5        00 09 19 29 39 49 59
-                                                           6        09 19 27 35 43 51 59
-                                                           7        07 11 14 18 21 25 28 32 35 39 42 46 49 53 56
-                                                           8        00 03 07 10 14 17 21 24 28 31 35 38 42 45 49 52 56 59
-                                                           9        03 06 10 13 17 23 29 35 41 47 53 59
-                                                           10       05 11 17 23 29 35 41 47 53 59
-                                                           11       05 11 17 23 29 35 41 47 53 59
-                                                           12       05 11 17 23 29 35 41 47 53 59
-                                                           13       05 11 17 23 29 35 41 47 53 59
-                                                           14       05 11 17 23 29 35 41 47 53 59
-                                                           15       05 11 17 23 29 35 41 47 53 59
-                                                           16       05 11 17 23 29 35 41 47 53 59
-                                                           17       05 11 17 23 29 35 41 47 53 59
-                                                           18       05 11 17 23 29 35 41 47 53 59
-                                                           19       05 11 17 20 24 27 31 34 38 41 45 48 52 55 59
-                                                           20       02 06 09 13 16 20 23 27 30 34 37 41 44 48 51 55 58
-                                                           21       02 05 09 12 16 19 27 35 43 51 59
-                                                           22       07 15 23 31 39 47 55
-                                                           23       03 11 19 29 39 49 59
-                                                           0        09

