
인천

30 45                                          5        -
00 15 31 44 56                                 6        -
07 18 29 40 50 59                              7        -
08 17 24 33 41 50 59                           8        -
07 19 34 49                                    9        -
04 19 35 50                                    10       -
05 20 35 50                                    11       -
05 20 35 50                                    12       -
05 20 35 50                                    13       -
05 20 35 50                                    15       -
05 20 35 50                                    16       -
05 20 35 50                                    17       -
01 13 25 37 49                                 18       -
01 13 25 37 49                                 19       -
01 13 25 37 49                                 20       -
04 19 34 49                                    21       -
04 19 35 50                                    22       -
10 30 53                                       23       -




신포


32 47                                          5        58
02 17 33 46 58                                 6        13 26 38 51
09 20 31 42 52                                 7        03 15 25 34 43 52
01 10 19 26 35 43 52                           8        02 11 20 28 35 44 53
01 09 21 36 51                                 9        02 12 28 41 56
06 21 37 52                                    10      11 28 43 58
07 22 37 52                                    11       13 28 43 58
07 22 37 52                                    12       13 28 43 58
07 22 37 52                                    13       13 28 43 58
07 22 37 52                                    14       13 28 43 58
07 22 37 52                                    15       13 28 43 58
07 22 37 52                                    16       13 28 43 58
07 22 37 52                                    17       13 28 43 58
03 15 27 39 51                                 18       13 28 38 48
03 15 27 39 51                                 19       00 12 24 36 48
03 15 27 39 51                                 20       00 12 24 36 53
06 21 36 51                                    21       08 23 38 52
06 21 37 52                                    22       07 23 38 53
12 32 55                                       23       08 23 41 58
-                                               0       21


숭의


34 49                                          5        56
04 19 35 48                                    6        11 24 36 49
00 11 22 33 44 54                              7       01 13 23 32 41 50
03 12 21 28 37 45 54                           8        00 09 18 26 33 42 51
03 11 23 38 53                                 9        00 10 26 39 54
08 23 39 54                                    10      09 26 41 56
09 24 39 54                                    11       11 26 41 56
09 24 39 54                                    12       11 26 41 56
09 24 39 54                                    13       11 26 41 56
09 24 39 54                                    14       11 26 41 56
09 24 39 54                                    15       11 26 41 56
09 24 39 54                                    16       11 26 41 56
09 24 39 54                                    17       11 26 41 56
05 17 29 41 53                                 18       11 26 36 46 58
05 17 29 41 53                                 19       10 22 34 46 58
05 17 29 41 53                                 20       10 22 34 51
08 23 38 53                                    21       06 21 36 50
08 23 39 54                                    22       05 21 36 51
14 34 57                                       23       06 21 39 56
-                                               0       19

인하대


 
37 52                                          5        53
07 22 38 51                                    6        08 21 33 46 58
03 14 25 36 47 57                              7        10 20 29 38 47 57
06 15 24 31 40 48 57                           8        06 15 23 30 39 48 57
06 14 26 41 56                                 9        07 23 36 51
11 26 42 57                                    10       06 23 38 53
12 27 42 57                                    11       06 23 38 53
12 27 42 57                                    12       06 23 38 53
12 27 42 57                                    13       06 23 38 53
12 27 42 57                                    14       06 23 38 53
12 27 42 57                                    15       06 23 38 53
12 27 42 57                                    16       06 23 38 53
12 27 42 57                                    17       06 23 38 53
08 20 32 44 56                                 18       08 23 33 43 55
08 20 32 44 56                                 19       07 19 31 43 55
08 20 32 44 56                                 20       07 19 31 48
11 26 41 56                                    21       03 18 33 47
11 26 42 57                                    22       02 18 33 48
17 37                                          23       03 18 36 53
-                                               0       16


송도




39 54                                          5        51
09 24 40 53                                    6        06 19 31 44 56
05 16 27 38 49 59                              7        08 18 27 36 45 55
08 17 26 33 42 50 59                           8        04 13 21 28 37 46 55
08 16 28 43 58                                 9        05 21 34 49
13 28 44 59                                    10       04 21 36 51
14 29 44 59                                    11       06 21 36 51
14 29 44 59                                    12       06 21 36 51
14 29 44 59                                    13       06 21 36 51
14 29 44 59                                    14       06 21 36 51
14 29 44 59                                    15       06 21 36 51
14 29 44 59                                    16       06 21 36 51
14 29 44 59                                    17       06 21 36 51
10 22 34 46 58                                 18       06 21 31 41 53
10 22 34 46 58                                 19       05 17 29 41 53
10 22 34 46 58                                 20       05 17 29 46
13 28 43 58                                    21       01 16 31 45
13 28 44 59                                    22       00 16 31 46
19 39                                          23       01 16 34 51
02                                              0       14


연수



43 58                                          5        47
13 28 44 57                                    6        02 15 27 40 52
09 20 31 42 53                                 7        04 14 23 32 41 51
03 12 21 30 37 46 54                           8        00 09 17 24 33 42 51
03 12 20 32 47                                 9        01 17 30 45
02 17 32 48                                    10       02 17 32 47
02 17 32 48                                    11       02 17 32 47
02 17 32 48                                    12       02 17 32 47
02 17 32 48                                    13       02 17 32 47
02 17 32 48                                    14       02 17 32 47
02 17 32 48                                    15       02 17 32 47
02 17 32 48                                    16       02 17 32 47
02 17 32 48                                    17       02 17 32 47
03 14 26 38 50                                 18       02 17 27 37 49
02 14 26 38 50                                 19       01 13 25 37 49
02 14 26 38 50                                 20       01 13 25 42 57
02 17 32 47                                    21       12 27 41 56
02 17 32 48                                    22       12 27 42 57
03 23 43                                       23       12 30 47
06                                              0       10


원인재


45                                             5        45
00 15 30 46 59                                 6        00 13 25 38 50
11 22 33 44 55                                 7        02 12 21 30 39 49 58
05 14 23 32 39 48 56                           8        07 15 22 31 40 49 59
05 14 22 34 49                                 9        15 28 43 58
04 19 34 50                                    10       15 30 45
05 20 35 50                                    11       00 15 30 45
05 20 35 50                                    12       00 15 30 45
05 20 35 50                                    13       00 15 30 45
05 20 35 50                                    14       00 15 30 45
05 20 35 50                                    15       00 15 30 45
05 20 35 50                                    16       00 15 30 45
05 20 35 50                                    17       00 15 30 45
05 16 28 40 52                                 18       00 15 25 35 47 59
04 16 28 40 52                                 19       11 23 35 47 59
04 16 28 40 52                                 20       11 23 40 55
04 19 34 49                                    21       10 25 39 54
04 19 34 50                                    22       10 25 40 55
05 25 45                                       23       10 28 45
08                                              0       08



남동인더스파크



47                                             5        43 58
02 17 32 48                                    6       11 23 36 48
01 13 24 35 46 57                              7        00 10 19 28 37 47 56
07 16 25 34 41 50 58                           8        05 13 20 29 38 47 57
07 16 24 36 51                                 9        13 26 41 56
06 21 36 52                                    10       13 28 43 58
06 21 36 52                                    11       13 28 43 58
06 21 36 52                                    12       13 28 43 58
06 21 36 52                                    13       13 28 43 58
06 21 36 52                                    14       13 28 43 58
06 21 36 52                                    15       13 28 43 58
06 21 36 52                                    16       13 28 43 58
06 21 36 52                                    17       13 28 43 58
07 18 30 42 54                                 18       13 23 33 45 57
06 18 30 42 54                                 19       09 21 33 45 57
06 18 30 42 54                                 20       09 21 38 53
06 21 36 52                                    21       08 23 38 53
6 21 36 52                                     22       10 25 40 55
07 27 47                                       23       08 26 43
10                                              0       06



호구포


49                                             5        41 56
04 19 34 50                                    6        09 21 34 46 58
03 15 26 37 48 59                              7        08 17 26 35 45 54
09 18 27 36 43 52                              8        03 11 18 27 36 45 55
00 09 18 26 38 53                              9        11 24 39 54
09 24 39 54                                    10       11 26 41 56
09 24 39 54                                    11       11 26 41 56
09 24 39 54                                    12       11 26 41 56
09 24 39 54                                    13       11 26 41 56
09 24 39 54                                    14       11 26 41 56
09 24 39 54                                    15       11 26 41 56
09 24 39 54                                    16       11 26 41 56
09 24 39 54                                    17       11 26 41 56
09 20 32 44 56                                 18       11 21 31 43 55
08 20 32 44 56                                 19       07 19 31 43 55
08 20 32 44 56                                 20       07 19 36 51
08 23 38 53                                    21       06 21 35 50
08 23 38 54                                    22       06 21 36 51
09 29 49                                       23       06 24 41
12                                              0       04


인천논헌




51                                             5        39 54
06 21 36 52                                    6        07 19 32 44 56 
05 17 28 39 50                                 7        06 15 24 33 43 52 
01 11 20 29 38 45 54                           8        01 09 16 25 34 43 53 
02 11 20 28 40 55                              9        09 22 37 52 
10 25 40                                       10       09 24 39 54 
11 26 41 56                                    11       09 24 39 54 
11 26 41 56                                    12       09 24 39 54 
11 26 41 56                                    13       09 24 39 54 
11 26 41 56                                    14       09 24 39 54 
11 26 41 56                                    15       09 24 39 54 
11 26 41 56                                    16       09 24 39 54 
11 26 41 56                                    17       09 24 39 54 
11 22 34 46 58                                 18       09 19 29 41 53 
10 22 34 46 58                                 19       05 17 29 41 53 
10 22 34 46 58                                 20       05 17 34 49 
10 25 40 55                                    21       04 19 33 48
10 25 40 56                                    22       04 19 34 49
11 31 51                                       23       04 22 39 
14                                              0       02


호구포


49                                               5       41 56
04 19 34 50                                      6       09 21 34 46 58 
03 15 26 37 48 59                                7       08 17 26 35 45 54 
09 18 27 36 43 52                                8       03 11 18 27 36 45 55 
00 09 18 26 38 53                                9       11 24 39 54  
08 23 38 54                                     10       11 26 41 
08 23 38 54                                     11       11 26 41 
08 23 38 54                                     12       11 26 41 
08 23 38 54                                     13       11 26 41  
08 23 38 54                                     14       11 26 41 
08 23 38 54                                     15       11 26 41 
08 23 38 54                                     16       11 26 41  
08 23 38 54                                     17       11 26 41 
09 20 32 44 56                                  18       09 19 29 41 53 
08 20 32 44 56                                  19       05 17 29 41 53 
08 20 32 44 56                                  20       07 19 36 51 
08 23 38 53                                     21       06 21 35 50 
08 23 38 54                                     22       06 21 36 51 
09 29 49                                        23       06 24 41 
12                                              0        04 



소래포구


53                                               5        37 52 
08 23 38 54                                      6        05 17 30 42 54 
07 19 30 41 52                                   7        04 13 22 31 41 50 59 
03 13 22 31 40 47 56                             8        07 14 23 32 41 51  
04 13 22 30 42 57                                9        07 20 35 50 
12 27 42 58                                      10       07 22 37 52  
12 27 42 58                                      11       07 22 37 52  
12 27 42 58                                      12       07 22 37 52  
12 27 42 58                                      13       07 22 37 52   
12 27 42 58                                      14       07 22 37 52 
12 27 42 58                                      15       07 22 37 52 
12 27 42 58                                      16       07 22 37 52   
12 27 42 58                                      17       07 22 37 52 
13 24 36 48                                      18       07 17 27 39 51 
08 20 32 44 56                                   19       03 15 27 39 51   
00 12 24 36 48                                   20       03 15 32 47  
00 12 27 42 57                                   21       02 17 31 46 
12 27 42 58                                      22       02 17 32 47 
13 33 53                                         23       02 20 37 
16                                                0       00


월곶




55                                                5       35 50  
10 25 40 56                                       6       03 15 28 40 52 
09 21 32 43 54                                    7       02 11 20 29 39 48 57 
05 15 24 33 42 49 58                              8       05 12 21 30 39 49  
06 15 24 32 44 59                                 9       05 18 33 48 
14 29 44                                         10       07 22 37 52  
00 15 30 45                                      11       07 22 37 52   
00 15 30 45                                      12       07 22 37 52 
00 15 30 45                                      13       07 22 37 52 
00 15 30 45                                      14       07 22 37 52 
00 15 30 45                                      15       07 22 37 52 
00 15 30 45                                      16       07 22 37 52   
00 15 30 45                                      17       07 22 37 52 
13 24 36 48                                      18       05 15 25 37 49  
00 15 26 38 50                                   19       01 13 25 37 49    
02 14 26 38 50                                   20       01 13 30 45  
02 14 29 44                                      21       00 15 29 44
14 29 44                                         22       00 15 30 45  
00 15 35 55                                      23       00 18 35 58
18                                               0        - 




달월



57                                                 5       33 48  
12 27 42 58                                        6       01 13 26 38 50 
11 23 34 45 56                                     7       00 09 18 27 37 46 55 
07 17 26 35 44 51                                  8       03 10 19 28 37 47  
00 08 17 26 34 46                                  9       03 16 31 46 
01 16 31 46                                       10       03 18 33 48  
01 16 31 46                                       11       03 18 33 48 
01 16 31 46                                       12       03 18 33 48 
01 16 31 46                                       13       03 18 33 48 
01 16 31 46                                       14       03 18 33 48  
01 16 31 46                                       15       03 18 33 48  
01 16 31 46                                       16       03 18 33 48   
02 17 32 47                                       17       03 18 33 48 
02 17 28 40 52                                    18       03 13 23 35 47 59 
04 16 28 40 52                                    19       11 23 35 47 59  
02 14 26 38 50                                    20       11 28 43 58 
04 16 31 46                                       21       13 27 42 58 
01 16 31 46                                       22       13 28 43 58
02 17 37 57                                       23       16 33 56 
20                                                0        - 



오이도



-                                                  5        30 45 58 
-                                                  6        10 23 35 47 57 
-                                                  7        06 15 24 34 43 52 
-                                                  8        00 07 16 25 34 44  
-                                                  9        00 13 28 43
-                                                  10       00 15 30 45 
-                                                  11       00 15 30 45 
-                                                  12       00 15 30 45 
-                                                  13       00 15 30 45 
-                                                  14       00 15 30 45 
-                                                  15       00 15 30 45  
-                                                  16       00 15 30 45  
-                                                  17       00 15 30 45  
-                                                  18       00 10 20 32 44 56 
-                                                  19       08 20 32 44 56 
-                                                  20       08 25 40 55 
-                                                  21       10 24 39 55 
-                                                  22       10 25 40 55 
-                                                  23       13 30 53 


 


